DEM.txt
ncols         199
nrows         660
xllcorner     507408.564480
yllcorner     4967042.309088
cellsize      8.72918
NODATA_value  -9999
[rows 561 to 593 of 660, columns 74 to 147 of 199]
-9999 -9999 -9999 -9999 -9999 -9999 -9999 783.07 779.55 774.54 770.18 766.83 763.61 760.25 756.05 750.82 746.8 743.83 741.06 738.18 735.02 731.22 726.66 721.61 715.77 709.17 701.97 695.37 689.64 683.95 678.29 672.64 667.72 662.83 656.45 650.92 649.66 650.43 651.5 652.82 654.45 656.31 658.51 661.59 665.54 670.06 675.43 681.35 687.22 692.91 698.89 705.36 712.75 720.7 727.84 735.32 743.22 750.52 757.02 762.75 768.64 775.7 782.15 786.76 790.29 793.19 795.39 796.6 796.9 796.76 796.44 796.5 798.28 801.04
-9999 -9999 -9999 -9999 -9999 -9999 -9999 -9999 -9999 774.83 771.45 768.75 765.76 762.59 759.17 755.84 753.02 749.68 745.63 741.58 737.72 733.54 728.75 723.41 717.29 710.21 703.18 696.9 691.1 685.41 679.43 673.23 668.08 663.12 656.46 650.29 648.61 649.33 650.17 651.26 652.7 654.69 657.02 660.01 663.9 668.2 673.12 679.02 685.24 691.54 697.78 704.28 712.06 720.05 726.6 733 739.44 745.86 752.63 759.18 765.52 773.17 780.87 785.05 787.64 790 791.71 792.45 792.5 792.27 791.95 791.89 793.57 797.56
-9999 -9999 -9999 -9999 -9999 -9999 -9999 -9999 -9999 -9999 -9999 770.16 767.85 764.73 761.75 759.59 757.74 754.2 749.21 744.44 740.06 735.34 730.4 724.93 718.6 711.13 704.18 698.24 692.52 686.74 680.51 673.91 668.46 663.38 656.6 649.81 647.41 648.14 648.81 649.05 649.93 652.45 655.79 659.25 662.96 666.99 671.72 677.58 683.87 690.23 696.49 702.64 709.72 717.53 724.27 730.33 736.08 741.44 747.71 754.93 762.51 771.32 779.78 783.68 785.27 786.44 787.39 788.06 788.21 788.52 789.54 791.07 793.85 798.21
-9999 -9999 -9999 -9999 -9999 -9999 -9999 -9999 -9999 -9999 -9999 -9999 -9999 765.3 762.74 760.94 759.12 755.85 751.18 746.42 741.81 736.79 731.64 726.11 719.71 711.92 704.99 699.43 693.77 687.72 681.28 674.4 668.68 663.53 656.72 649.55 646.59 647.11 647.72 647.48 647.65 650.26 654.33 658.27 661.89 665.67 670.42 676.02 682.06 688.32 694.59 700.58 706.95 714.18 721.14 727.49 733.38 738.67 744.46 751.55 760.02 769.38 776.89 781 782.5 782.98 783.36 783.7 784 785.37 788.58 791.71 795.13 799.65
-9999 -9999 -9999 -9999 -9999 -9999 -9999 -9999 -9999 -9999 -9999 -9999 -9999 -9999 -9999 760.59 758.71 755.86 751.97 747.66 743.1 737.94 732.58 727.03 720.71 712.8 705.77 700.28 694.59 688.35 681.72 674.52 668.62 663.39 656.62 649.27 645.81 646.08 646.58 646.33 646.47 648.8 652.63 656.51 660.06 663.78 668.51 673.79 679.45 685.44 691.79 698.08 704.23 710.9 717.82 724.63 731.43 737.25 742.79 749.63 758.27 767.2 773.4 777.16 778.77 779.22 779.58 780.09 781.08 783.86 788.68 792.82 796.68 801.35
-9999 -9999 -9999 -9999 -9999 -9999 -9999 -9999 -9999 -9999 -9999 -9999 -9999 -9999 -9999 -9999 757.94 755.42 752.06 748.24 743.91 738.81 733.36 727.73 721.5 713.69 706.51 700.82 694.93 688.39 681.52 674.3 668.35 662.92 656.31 648.94 644.96 645.03 645.42 645.44 646.02 647.84 650.68 654.02 657.47 661.21 665.81 670.93 676.4 682.21 688.79 695.65 702.08 708.57 715.13 722.16 730.17 736.6 741.9 748.61 756.84 764.67 769.99 773.06 774.54 775.21 776.29 778.06 780.35 784.33 789.67 794.31 798.62 803.36
-9999 -9999 -9999 -9999 -9999 -9999 -9999 -9999 -9999 -9999 -9999 -9999 -9999 -9999 -9999 -9999 756.85 754.76 751.68 748.16 744.21 739.39 734.01 728.14 721.7 714.12 707.05 701.15 694.88 687.62 680.35 673.71 667.87 662.25 655.92 648.69 644.24 644.09 644.52 644.8 645.48 646.71 648.52 651.2 654.58 658.31 662.79 668.02 673.72 679.9 686.87 694.08 700.9 707.48 713.53 720.32 729.28 736.07 741.03 747.57 755.25 761.91 766.62 769.31 770.53 771.36 773.95 777.98 781.74 786.3 791.45 796.4 801.09 805.76
-9999 -9999 -9999 -9999 -9999 -9999 -9999 -9999 -9999 -9999 -9999 -9999 -9999 -9999 -9999 -9999 -9999 753.5 750.95 747.89 744.39 739.72 734.22 727.75 720.64 713.66 707.18 701 694.25 686.49 678.78 672.05 666.63 661.48 655.47 648.46 643.79 643.29 643.72 644.08 644.67 645.47 646.42 648.41 651.85 655.92 660.39 665.88 672.09 679.43 686.97 693.86 700.55 706.74 712.29 718.59 727.94 735.01 739.91 746.37 753.72 759.66 763.11 765.21 766.56 768.23 772.94 779.22 783.9 788.78 793.89 798.9 803.68 808.25
-9999 -9999 -9999 -9999 -9999 -9999 -9999 -9999 -9999 -9999 -9999 -9999 -9999 -9999 -9999 -9999 -9999 -9999 750.5 748.03 744.65 739.91 734.02 726.97 719.63 712.87 706.59 700.29 693.25 685.26 677.47 670.92 665.93 660.98 655.03 648.18 643.37 642.49 642.91 643.36 643.89 644.6 645.5 647.09 650.09 654.26 658.86 664.62 671.29 678.73 686.17 693.16 699.74 705.58 710.91 716.59 724.27 731.46 737.15 743.11 749.99 756.13 758.77 760.46 763.86 768.44 774.5 781.12 786.52 791.82 796.69 801.39 806.09 810.68
-9999 -9999 -9999 -9999 -9999 -9999 -9999 -9999 -9999 -9999 -9999 -9999 -9999 -9999 -9999 -9999 -9999 -9999 749.61 747.8 744.86 740 733.63 726.14 718.79 712.24 706.12 699.78 692.84 685.33 677.9 671.32 666.41 661.69 655.88 648.92 643.41 641.68 642.04 642.63 643.19 643.9 644.88 646.31 648.87 652.88 657.55 663.11 669.72 676.58 683.35 690.43 697.24 703.14 708.66 713.68 719.19 725.9 732.32 737.94 743.76 749.6 753.57 757.22 763.08 769.53 775.95 782.88 789.17 794.57 799.14 803.76 808.45 813.06
-9999 -9999 -9999 -9999 -9999 -9999 -9999 -9999 -9999 -9999 -9999 -9999 -9999 -9999 -9999 -9999 -9999 -9999 -9999 747.71 745 739.83 733.03 725.65 718.55 711.88 705.83 699.86 693.48 686.85 679.98 673.06 667.94 663.51 658.16 651.3 644.45 640.98 641.08 641.84 642.46 643.2 644.28 645.68 647.91 651.45 655.74 660.76 666.93 673.27 679.42 685.97 692.75 699.23 705.14 710.09 714.81 720.47 726.86 732.89 738.51 744.53 750.5 756.6 763.43 770.34 777.18 784.47 791.21 796.48 800.95 805.62 810.53 815.34
-9999 -9999 -9999 -9999 -9999 -9999 -9999 -9999 -9999 -9999 -9999 -9999 -9999 -9999 -9999 -9999 -9999 -9999 -9999 747.58 744.8 739.42 732.56 725.68 718.94 712.01 705.97 700.56 694.96 689.34 683.27 676.27 670.37 665.67 660.9 654.48 646.1 640.33 640.01 640.98 641.65 642.43 643.57 644.98 646.87 649.65 653.31 657.81 663.38 669.46 675.5 681.35 687.77 694.82 701.07 706.57 711.86 717.27 723.76 730.52 736.52 742.78 749.64 756.8 763.84 770.91 778.12 785.45 792.12 797.36 802.07 806.97 812.21 817.33
-9999 -9999 -9999 -9999 -9999 -9999 -9999 -9999 -9999 -9999 -9999 -9999 -9999 -9999 -9999 -9999 -9999 -9999 -9999 746.74 743.92 738.84 732.44 726.02 719.55 712.66 706.71 701.72 696.9 692.15 686.89 680.23 673.08 667.43 662.97 657.13 647.67 639.8 638.94 640.03 640.74 641.55 642.71 644.09 645.62 647.55 650.61 654.97 660.12 666.24 672.69 678.52 684.7 691.62 698.03 704.4 710.79 717.11 724.28 731.49 737.67 743.74 750.18 756.95 764.18 771.65 778.9 785.81 792.12 797.64 802.88 808.14 813.66 818.96
-9999 -9999 -9999 -9999 -9999 -9999 -9999 -9999 -9999 -9999 -9999 -9999 -9999 -9999 -9999 -9999 -9999 -9999 -9999 -9999 742.18 738.06 732.49 726.06 719.66 713.43 707.86 703.13 699.02 694.9 689.81 683.01 674.87 668.47 663.89 658.26 648.63 639.71 637.97 638.91 639.66 640.47 641.62 642.94 644.26 645.67 648.28 652.98 658.29 664.71 671.81 678.7 685.19 691.14 697.5 704.56 711.73 719.04 726.79 733.97 739.87 745.44 751.48 757.97 765.32 773.03 780.02 786.19 792.22 798.2 803.98 809.55 815.11 820.32
-9999 -9999 -9999 -9999 -9999 -9999 -9999 -9999 -9999 -9999 -9999 -9999 -9999 -9999 -9999 -9999 -9999 -9999 -9999 -9999 739.21 736.32 731.71 725.36 719.06 713.37 708.32 704.12 700.68 697.06 691.69 683.62 674.92 668.49 663.87 658.15 648.88 640.1 637.17 637.52 638.33 639.18 640.29 641.68 643.21 644.68 647.11 652.24 658.36 665.26 672.74 680.1 686.56 692.12 698.28 705.38 713.02 720.65 728.02 735.28 742.06 747.88 753.73 760.57 768.13 775.86 782.69 788.18 793.78 799.91 805.81 811.23 816.52 821.57
-9999 -9999 -9999 -9999 -9999 -9999 -9999 -9999 -9999 -9999 -9999 -9999 -9999 -9999 -9999 -9999 -9999 -9999 -9999 -9999 -9999 733.61 729.64 723.89 717.96 712.53 707.95 704.24 701.17 697.8 692.09 682.78 673.73 667.71 663.27 657.19 648.17 639.87 636.18 636.12 637.05 637.92 638.74 639.9 641.77 643.98 646.84 652.4 659.23 666.27 673.64 681.04 687.35 692.85 699.03 706.23 714.1 721.64 728.65 735.78 742.79 748.92 755.08 762.23 770.16 778.15 784.95 790.43 796.18 802.28 807.76 812.65 817.55 822.46
-9999 -9999 -9999 -9999 -9999 -9999 -9999 -9999 -9999 -9999 -9999 -9999 -9999 -9999 -9999 -9999 -9999 -9999 -9999 -9999 -9999 729.83 726.54 721.84 716.5 711.34 707.18 703.89 701.11 697.75 691.42 681.42 672.71 667.2 662.78 656.57 647.89 639.74 635.3 634.9 635.9 636.7 636.99 637.56 639.63 642.86 646.6 652.72 659.86 666.7 673.77 681.05 687.35 693.1 699.43 706.68 714.55 722.04 729.02 735.99 742.78 748.99 755.38 762.72 770.83 778.89 786.02 791.93 797.58 803.27 808.46 813.3 818.11 822.91
-9999 -9999 -9999 -9999 -9999 -9999 -9999 -9999 -9999 -9999 -9999 -9999 -9999 -9999 -9999 -9999 -9999 -9999 -9999 -9999 -9999 725.65 722.93 719.2 714.59 709.9 706.11 703.05 700.46 697.05 690.32 680.59 672.56 667.28 662.83 656.89 648.52 639.98 634.65 633.87 634.82 635.48 635.37 635.48 637.57 641.6 646.33 652.74 659.85 666.5 673.25 680.25 686.62 692.69 699.18 706.42 714.3 721.9 729 735.79 742.18 748.28 754.84 762.28 770.31 778.42 785.8 791.87 797.33 802.78 808.09 813.46 818.46 823.1
-9999 -9999 -9999 -9999 -9999 -9999 -9999 -9999 -9999 -9999 -9999 -9999 -9999 -9999 -9999 -9999 -9999 -9999 -9999 -9999 -9999 -9999 719.23 716.14 712.23 708.17 704.6 701.56 699.02 695.62 689.21 680.56 673.01 667.6 663.22 657.75 649.61 640.55 634.27 632.95 633.68 634.17 634.05 634.16 636.15 640.44 645.81 652.17 659.07 665.69 672.23 678.93 685.35 691.6 698.17 705.47 713.46 721.25 728.44 735 740.93 746.79 753.55 760.97 768.71 776.79 784.26 790.24 795.79 801.61 807.56 813.8 818.99 823.27
-9999 -9999 -9999 -9999 -9999 -9999 -9999 -9999 -9999 -9999 -9999 -9999 -9999 -9999 -9999 -9999 -9999 -9999 -9999 -9999 -9999 -9999 -9999 712.84 709.62 706.11 702.55 699.35 696.68 693.39 688.05 680.71 673.23 667.6 663.44 658.27 650.32 641.14 634.17 632.08 632.42 632.82 633.03 633.56 635.43 639.4 644.79 650.91 657.57 664.24 670.73 677.29 683.76 689.97 696.45 703.9 712.1 720.04 727.23 733.53 739.07 744.75 751.65 758.97 766.32 774.22 781.75 787.86 793.94 800.71 807.63 814.67 819.75 823.43
-9999 -9999 -9999 -9999 -9999 -9999 -9999 -9999 -9999 -9999 -9999 -9999 -9999 -9999 -9999 -9999 -9999 -9999 -9999 -9999 -9999 -9999 -9999 709.3 707.11 704.01 700.29 696.73 693.68 690.57 686.25 679.73 672.55 667.11 663.18 658.09 650.24 641.38 634.25 631.28 631.2 631.74 632.27 633.13 634.91 638.29 643.28 649.1 655.48 662.07 668.62 675.32 681.96 688.02 694.17 701.67 710.05 718.24 725.45 731.57 737.13 742.89 749.63 756.79 763.91 771.47 779.25 786.16 792.9 800.51 808.27 815.6 820.2 823.22
-9999 -9999 -9999 -9999 -9999 -9999 -9999 -9999 -9999 -9999 -9999 -9999 -9999 -9999 -9999 -9999 -9999 -9999 -9999 -9999 -9999 -9999 -9999 -9999 704.82 702.24 698.84 695.07 691.07 687.31 683.26 677.43 671.31 666.38 662.46 657.29 649.61 641.48 634.51 630.61 630.21 631.01 631.67 632.63 634.18 636.99 641.58 647.04 653.23 659.78 666.38 673.11 679.73 685.81 691.75 698.69 707 715.96 723.81 730.19 736.14 742.33 748.76 755.51 762.77 770.54 778.56 786.21 793.58 801.2 808.57 815.14 819.34 822.17
-9999 -9999 -9999 -9999 -9999 -9999 -9999 -9999 -9999 -9999 -9999 -9999 -9999 -9999 -9999 -9999 -9999 -9999 -9999 -9999 -9999 -9999 -9999 -9999 702.97 701.17 698.33 693.99 688.33 683.23 678.96 674.15 669.27 664.97 660.99 655.86 648.88 641.54 634.76 630 629.25 630.27 631.07 632.08 633.39 635.66 639.8 644.94 650.81 657.38 664.19 670.88 677.25 683.24 689.12 695.91 704.93 714.72 723.04 729.96 736.42 742.94 749.23 755.8 763.25 771.34 779.56 787.49 795.02 802.11 808.33 813.52 817.44 820.4
-9999 -9999 -9999 -9999 -9999 -9999 -9999 -9999 -9999 -9999 -9999 -9999 -9999 -9999 -9999 -9999 -9999 -9999 -9999 -9999 -9999 -9999 -9999 -9999 -9999 700.19 698.09 693.42 686.4 679.79 674.4 670.49 666.79 663.05 658.9 653.72 647.52 640.92 634.36 629.19 628.29 629.42 630.35 631.49 632.82 634.85 638.5 643.18 648.71 655.65 662.79 668.95 674.93 681.17 687.4 694.72 704.83 715.11 723.36 730.45 737.44 744.34 750.44 756.89 764.4 772.73 781.1 788.83 795.79 801.88 806.92 811.12 814.91 818.12
-9999 -9999 -9999 -9999 -9999 -9999 -9999 -9999 -9999 -9999 -9999 -9999 -9999 -9999 -9999 -9999 -9999 -9999 -9999 -9999 -9999 -9999 -9999 -9999 -9999 699.16 697.28 692.58 685.06 677.48 671.12 667.26 663.96 660.47 656.12 650.93 645.55 639.75 633.48 628.2 627.23 628.44 629.52 630.88 632.45 634.51 637.81 642.08 647.38 654.81 662.22 667.87 673.69 680.29 687.01 695.03 705.97 716.47 724.37 731.29 738.49 745.57 751.67 758.15 765.69 774.31 782.76 789.92 795.89 800.69 804.66 808.17 811.96 815.59
-9999 -9999 -9999 -9999 -9999 -9999 -9999 -9999 -9999 -9999 -9999 -9999 -9999 -9999 -9999 -9999 -9999 -9999 -9999 -9999 -9999 -9999 -9999 -9999 -9999 697.75 695.67 691.17 683.97 676.17 669.61 665.05 661.13 657.1 652.44 647.59 643.11 638.21 632.41 627.22 626.11 627.25 628.42 630.08 632.09 634.41 637.57 641.53 646.71 654.56 662.22 667.71 673.66 680.56 687.66 696.16 707.34 717.74 725.41 732.11 739.19 746.21 752.52 759.24 766.99 775.88 784.15 790.53 795.54 799.19 802.33 805.35 809.12 813.12
-9999 -9999 -9999 -9999 -9999 -9999 -9999 -9999 -9999 -9999 -9999 -9999 -9999 -9999 -9999 -9999 -9999 -9999 -9999 -9999 -9999 -9999 -9999 -9999 -9999 -9999 693.55 689.57 683.03 675.43 669.07 663.94 658.97 653.48 648.2 643.88 640.17 636.2 631.22 626.5 625.06 625.76 626.82 628.72 631.35 634.18 637.4 641.18 646.24 654.36 662.32 667.98 674.24 681.31 688.61 697.3 708.14 718.05 725.72 732.49 739.35 746.31 752.9 760.08 768.3 777.23 784.82 790.34 794.76 797.86 800.54 803.35 806.92 811
-9999 -9999 -9999 -9999 -9999 -9999 -9999 -9999 -9999 -9999 -9999 -9999 -9999 -9999 -9999 -9999 -9999 -9999 -9999 -9999 -9999 -9999 -9999 -9999 -9999 -9999 690.64 687.55 682.11 674.97 668.62 663.49 658.25 652.13 646.21 640.7 636.17 633.31 629.86 626.18 623.9 624 624.95 626.22 628.99 633.11 636.98 640.79 645.78 653.87 662.01 668.18 674.87 682.04 689.31 697.88 708.04 717.14 724.68 731.71 738.61 745.56 752.72 760.64 769.35 777.84 784.35 789.15 793.26 796.34 799.1 802.04 805.32 809.3
-9999 -9999 -9999 -9999 -9999 -9999 -9999 -9999 -9999 -9999 -9999 -9999 -9999 -9999 -9999 -9999 -9999 -9999 -9999 -9999 -9999 -9999 -9999 -9999 -9999 -9999 688.27 685.73 680.22 673.01 667.58 663.06 657.76 651.39 645.12 639.34 634.53 631.34 628.42 625.65 623.29 622.77 623.47 623.89 626.16 631.58 636.29 640.24 645.34 652.9 660.66 667.17 674.06 681.39 688.8 697.07 706.21 714.8 722.63 730.15 737.17 743.97 751.46 759.7 768.2 776.49 782.87 787.22 791.01 794.26 797.39 801.04 804.68 808.49
-9999 -9999 -9999 -9999 -9999 -9999 -9999 -9999 -9999 -9999 -9999 -9999 -9999 -9999 -9999 -9999 -9999 -9999 -9999 -9999 -9999 -9999 -9999 -9999 -9999 -9999 685.5 682.66 677.06 670.69 666.09 662.06 656.8 650.5 644.12 638.32 633.43 629.59 626.73 624.66 622.68 621.74 621.99 622.43 624.69 629.96 635.08 639.36 644.42 651.17 658.42 665.23 672.18 679.53 687.27 695.63 704.09 712.22 720.07 727.77 734.99 741.66 749.02 757.19 765.82 774 780.49 785.08 788.75 792.11 795.69 800.1 804.34 808.14
-9999 -9999 -9999 -9999 -9999 -9999 -9999 -9999 -9999 -9999 -9999 -9999 -9999 -9999 -9999 -9999 -9999 -9999 -9999 -9999 -9999 -9999 -9999 -9999 -9999 -9999 682.16 679.08 673.98 668.69 664.33 660.18 654.91 648.85 642.73 637.11 631.97 627.42 624.53 623.11 621.8 620.79 620.76 621.55 623.92 628.49 633.47 638.06 643.08 649.14 655.88 662.77 669.68 676.82 684.9 693.82 702.09 709.7 717.32 724.91 732.14 738.75 745.74 753.85 762.55 770.58 777.47 782.76 786.74 790.51 794.47 799.23 803.97 807.83
-9999 -9999 -9999 -9999 -9999 -9999 -9999 -9999 -9999 -9999 -9999 -9999 -9999 -9999 -9999 -9999 -9999 -9999 -9999 -9999 -9999 -9999 -9999 -9999 -9999 -9999 678.7 676.06 671.89 667.22 662.54 657.76 652.3 646.49 640.83 635.48 630.18 625.46 622.72 621.6 620.74 619.85 619.8 620.86 623.15 626.97 631.7 636.48 641.49 647.11 653.55 660.59 667.41 674.32 682.52 691.79 700.22 707.59 715.03 722.58 729.84 736.44 742.97 750.69 759.16 767.36 774.84 780.65 785.15 789.48 793.72 798.45 803.32 807.13
-9999 -9999 -9999 -9999 -9999 -9999 -9999 -9999 -9999 -9999 -9999 -9999 -9999 -9999 -9999 -9999 -9999 -9999 -9999 -9999 -9999 -9999 -9999 -9999 -9999 -9999 675.89 674.2 670.82 666.12 660.91 655.24 649.41 643.8 638.53 633.44 628.43 624.26 621.86 620.59 619.71 618.91 618.97 620.11 622.07 625.28 629.84 634.73 639.85 645.38 652.06 659.51 666.23 672.98 680.99 690.02 698.7 706.43 713.95 721.57 728.96 735.53 741.63 748.6 756.6 765.29 773.26 779.18 784.09 788.73 793.17 797.66 802.16 805.78
