DEM.txt
ncols         199
nrows         660
xllcorner     507408.564480
yllcorner     4967042.309088
cellsize      8.72918
NODATA_value  -9999
[rows 330 to 362 of 660, columns 74 to 147 of 199]
1043.2 1039.3 1035.5 1031 1025 1017.5 1009.3 1001.4 995.67 990.86 984.89 979.77 979.62 983.99 988.26 992.2 996.74 1000.8 1004 1008 1013.3 1019.1 1024.9 1030.8 1037.3 1043.8 1050.5 1057.4 1063.5 1068.5 1073.1 1078 1084.7 1093.4 1099.9 1101.9 1101.5 1103.3 1111.2 1121.7 1133.1 1143.9 1153.6 1160.9 1163.4 1160.9 1155.2 1148.2 1142.2 1137.3 1131.8 1127.1 1125.2 1125.2 1125.2 1124.7 1123.3 1120.9 1119.2 1121.2 1128.5 1136.6 1144.3 1151.6 1160 1170.5 1180.8 1188.3 1193.7 1197.2 -9999 -9999 -9999 -9999
1038.9 1035 1031.6 1028 1022.4 1015 1007.6 1000.8 994.52 988.97 983.07 977.65 976.36 979.82 983.55 986.66 990.15 994.09 998.26 1003.9 1010.6 1016.5 1021.5 1026.6 1032.9 1039.4 1046.3 1054.4 1062.1 1066.7 1070.7 1074.9 1081.2 1088.6 1093.6 1094.7 1095.1 1100.2 1111.5 1122.2 1132.3 1142.1 1150.5 1156.8 1159 1155.8 1150.1 1144.4 1139.5 1134.5 1128.2 1122.4 1119.4 1118.8 1118.3 1117.2 1115.4 1113.6 1114.8 1120.6 1129 1137.2 1144.3 1151.3 1159 1167.8 1177.2 1185.3 1191.2 1196 -9999 -9999 -9999 -9999
1036.9 1031.8 1027.4 1023.3 1018.2 1012.2 1006.2 1000.2 993.38 987.53 982.17 976.56 974.02 976.69 980.14 982.78 985.24 988.3 992.91 999.7 1006.9 1012.5 1017.1 1022.7 1029.6 1036.8 1044.6 1052.9 1060.1 1064.5 1068.2 1072.9 1078.5 1084.2 1087.4 1088.1 1090.7 1099.1 1110.9 1121.7 1130.9 1139 1145.7 1150.9 1153 1150.3 1145.4 1140.7 1136.3 1131.2 1124.6 1117.9 1113.4 1112 1111.2 1109.7 1107.9 1107.6 1111.8 1120.2 1129.3 1137.4 1144.2 1150.8 1157.8 1165 1172.9 1181 1188 1194 1198.1 -9999 -9999 -9999
1036.1 1030.4 1024.6 1018.9 1013.6 1009.1 1004.4 999.08 992.64 987.04 982.18 976.78 972.89 973.54 976.8 979.56 981.54 984.09 988.82 995.6 1002.2 1007.8 1013.6 1020.3 1027.8 1035.7 1043.6 1050.7 1056.6 1061.2 1065.7 1071.2 1076.3 1080.3 1082.7 1084 1088.7 1098.5 1109.1 1119.1 1127.8 1134.8 1140.4 1144.7 1146.7 1145 1141.1 1136.8 1132.4 1127.2 1120.2 1112.9 1108 1105.9 1105.2 1103.9 1102 1103.2 1109.5 1118.9 1128.2 1136.5 1143.3 1149.7 1156 1162.3 1168.8 1176.5 1184.8 1191.9 1197.1 -9999 -9999 -9999
1035 1029.6 1023.3 1016.4 1010.3 1005.6 1001.6 997.31 992.24 987.32 982.68 977.95 973.25 970.77 972.46 974.97 977.21 980.07 984.94 990.97 996.99 1003.9 1011.7 1019.2 1026.9 1035.1 1042.3 1047.7 1052.1 1057.1 1063.2 1069.1 1073.9 1077.3 1079.3 1081.6 1087.6 1097.4 1106.5 1115 1122.9 1129.5 1134.6 1138.9 1141.5 1140.3 1136.9 1132.7 1128.1 1122.2 1114.8 1108 1103.1 1100.3 1099.5 1098.5 1097.1 1099.8 1107.5 1116.8 1125.7 1134.1 1141.2 1147.5 1153.5 1159.4 1165.4 1173.1 1182.4 1190.1 1195.7 1199.2 -9999 -9999
1032.8 1028.2 1022.5 1016 1009 1002.5 998.23 994.8 991.49 987.51 983.07 979.17 974.55 969.38 967.96 968.9 971.4 975.25 980.65 986.23 992.81 1001.9 1010.9 1018.4 1026.1 1034.2 1040.5 1044.6 1047.8 1052.5 1059.9 1066.2 1071 1074.7 1076.6 1078.9 1085.3 1095 1103.3 1110.2 1116.9 1122.7 1127.6 1133 1137 1136 1132.6 1128.2 1123 1116.2 1109 1103.3 1098.4 1094.7 1093.2 1092.4 1092.3 1096.9 1105.7 1114.3 1122 1130 1137.3 1143.9 1150.3 1156.4 1162.9 1171.2 1180.8 1188.6 1194.4 1198.3 -9999 -9999
1030.9 1026.3 1021.3 1015.9 1008.8 1000.9 995.34 991.52 989.32 986.39 982.59 979.27 975.31 969.94 966.01 964.2 965.47 970.34 976.89 983.19 991.22 1001.3 1009.9 1017.4 1025 1032.8 1038.6 1042 1044.4 1048.3 1055.3 1062.3 1067.7 1071.8 1073.5 1074.4 1080.2 1090.8 1099.6 1105.6 1110.6 1114.4 1118.7 1125.8 1131.7 1131.4 1128 1123.2 1117 1110 1103.9 1098.6 1093.2 1088.7 1086.4 1085.9 1087.5 1094.3 1103.8 1111.4 1117.9 1124.8 1132.4 1139.7 1147.1 1154.1 1161.4 1170.2 1179.6 1187.3 1192.9 1197.2 1200.4 -9999
1030.7 1026.1 1020.4 1014.2 1007.9 1000.7 993.57 988.46 985.88 983.31 980.44 977.89 974.53 970.07 966.13 962.84 962.38 966.49 974 981.95 990.64 1000.4 1008.5 1015.6 1023 1030.4 1036.4 1040 1041.8 1044.6 1050.3 1057.9 1064 1067.6 1069.2 1070.6 1076.2 1086.5 1094.8 1099.8 1102.6 1106 1111.8 1120 1126.7 1126.9 1123.2 1117.2 1110.6 1104.7 1099.1 1093 1087.3 1082.9 1079.8 1079 1083.4 1092.6 1101.7 1107.9 1113.8 1121 1128.9 1137 1145.6 1153.6 1161.3 1169.6 1178.3 1185.7 1191 1195.6 1199.1 1200.9
1030.7 1026.4 1019.7 1012.5 1006.3 999.64 993 987.22 982.34 978.95 977 975.22 972.36 968.91 965.62 961.93 961.03 964.88 972.61 981.1 989.67 998.77 1006.4 1013 1019.5 1026 1031.5 1035.2 1037.5 1040.8 1046.2 1053.2 1059.9 1064.2 1065.1 1066.3 1072.1 1081.3 1088.5 1091.7 1095.3 1101 1108.1 1116.3 1122.4 1121.9 1117.2 1111.1 1105.2 1099.6 1093.4 1087.3 1082.5 1078.5 1074.6 1073.6 1079.8 1090.3 1099.4 1105.9 1112.5 1120.1 1128 1136.3 1144.9 1153.2 1160.8 1168.1 1175.6 1182.6 1188.2 1193.2 1197.3 1200
1030.2 1025.9 1019.6 1012.3 1005.9 999.03 991.94 985.86 980.25 976.1 973.5 971.41 969.3 967.22 964.21 960.32 960.25 965 972.6 980.63 988.77 997.3 1004.4 1009.9 1014.9 1019.7 1024.2 1027.8 1031.3 1036.2 1042.2 1048.7 1055.1 1059.7 1060.8 1061.9 1067.4 1075.2 1080.9 1084.5 1089.5 1097 1105.5 1113.3 1117.6 1116.1 1111.3 1105.7 1100 1093.8 1087.7 1082.8 1078.8 1074.7 1070.5 1069.4 1076 1087.2 1097.1 1104.7 1112.2 1119.6 1127.1 1135.1 1143.2 1151.6 1159.3 1165.8 1171.6 1177.8 1184.5 1190.4 1195.2 1199
1028.9 1024.8 1019.2 1012.5 1006.1 998.83 990.83 984.51 979.04 974.41 970.41 967.24 965.5 964.12 961.07 958.12 960.1 966.11 973.4 980.61 988.02 995.82 1002.2 1006.4 1009.4 1012.1 1015.5 1019.6 1024.6 1031 1037.7 1044.2 1050.2 1054.8 1055.8 1056.8 1061.7 1068.6 1074.2 1079.2 1085.1 1093.5 1102.9 1110.4 1113.2 1110.6 1105.9 1100.4 1094.2 1088.1 1083.1 1079.3 1075.5 1071 1066.2 1064.9 1072 1084.1 1094.7 1103.1 1111.1 1118.2 1125.6 1133.1 1140.5 1148.5 1156.5 1162.8 1167.5 1172.8 1180.3 1187.3 1193.1 1197.6
1026.6 1022.8 1018.1 1012.3 1006.1 998.65 989.99 983.37 978.19 973.23 968.17 963.75 960.94 958.97 956.46 955.75 960.38 967.54 974.46 980.95 987.44 993.93 998.83 1001.2 1002.3 1003.9 1007.4 1012.5 1018.7 1025.4 1032.4 1039.3 1045.2 1049.4 1050.5 1051.3 1055.6 1062.2 1069.1 1075.5 1081.7 1089.9 1099.4 1106.7 1108.7 1105.6 1100.7 1094.7 1088.5 1083.2 1079.3 1075.8 1071.8 1066.9 1061.9 1060.7 1068.3 1081.2 1092.3 1100.7 1108.6 1115.6 1122.8 1129.8 1136.4 1143.9 1151.9 1158.5 1163.5 1169.1 1176.7 1184.5 1191 1196
1023.4 1020.1 1016.5 1011.5 1005.3 998.01 989.36 982.25 977.11 972.06 966.93 961.49 956.16 952.8 951.94 953.98 960.85 968.8 975.35 981.2 986.65 991.06 993.3 993.71 993.73 996.02 1001.3 1007.8 1014.1 1020.2 1026.7 1033.7 1039.5 1043.5 1044.8 1045.8 1049.7 1056.6 1064.7 1072.3 1078.6 1085.9 1094.6 1101.8 1103.8 1100.7 1095.2 1088.8 1083.1 1078.9 1075.4 1071.6 1067.1 1062.1 1057.4 1056.9 1065 1078.1 1089.4 1097.4 1104.6 1111.5 1118.4 1125.1 1131.2 1138.1 1145.9 1153.3 1160.1 1166.9 1174.5 1182.4 1189.1 1194.3
1021.9 1017.2 1013.1 1009 1003.2 996.52 988.6 980.35 974.68 970.5 965.97 959.74 952.99 949.4 949.96 954.06 961.59 969.46 975.72 980.6 984.49 986.64 986.27 984.99 985.5 989.16 996.41 1004.3 1010.4 1015.9 1021.2 1027 1033 1036.9 1038.4 1040.2 1044.2 1051.3 1060.2 1068.3 1075.1 1081.7 1089.7 1097.3 1099.5 1095.3 1089.2 1083.1 1078.1 1074.2 1070.4 1066.3 1062 1056.8 1051.5 1051.3 1060.4 1073.7 1084.9 1093 1099.6 1105.9 1112.8 1119.9 1126.1 1132.5 1140 1148.7 1157.7 1165.4 1173 1180.8 1187.2 1192.3
1023.6 1016.7 1010.3 1004.7 998.13 991.32 984.35 977.05 972.22 968.63 963.98 957.56 950.55 946.86 949.01 953.93 960.46 967.88 975.02 979.3 980.85 980.95 979.22 977.19 979.56 985.12 992.87 1000.8 1006.6 1011.3 1016 1021.1 1026.3 1030.1 1031.9 1034.3 1039.2 1046.6 1055 1062.9 1070.3 1077.3 1084.8 1091.3 1092.7 1088.8 1082.5 1076.8 1072.3 1068.4 1064.5 1060.5 1056.5 1051.8 1046.9 1047.3 1056 1067.9 1078.4 1087.1 1093.7 1100.4 1108.7 1116 1122.8 1130.5 1138.4 1146.7 1155.7 1163.9 1171.8 1178.7 1184.6 1189.7
1025.2 1018.6 1011.6 1005.2 997.5 989.38 981.96 975.42 970.36 966.05 960.77 954.21 947.78 944.8 947.72 952.71 957.95 963.66 969.97 974.23 975.4 974.77 973.36 973.15 976.72 982.45 989.43 996.62 1002.4 1006.9 1011.3 1015.7 1019.8 1022.9 1024.9 1027.5 1033 1040.7 1049 1056.8 1064.6 1072.1 1078.6 1082.8 1083 1079.1 1074.3 1070 1066.4 1062.4 1058 1054.4 1051.1 1046.7 1041.4 1040.5 1048.8 1060.6 1071.5 1081.8 1090.5 1097.9 1105.2 1111.9 1118.9 1127.3 1136 1144.6 1153.4 1161.6 1169 1175.7 1182 1187.3
1025.9 1020 1014 1007.5 999.29 990.56 982.48 975.63 970.14 965.05 958.23 950.8 944.93 942.51 945.58 950.07 954.14 958.22 962.98 966.75 968.08 967.7 967.37 969.39 974.34 980.15 986.2 992.38 998.05 1002.7 1006.7 1010.2 1013.1 1015.2 1017.7 1021.6 1027 1034 1041.7 1049.6 1057.9 1065.4 1070.8 1073.2 1072.5 1069.3 1065.4 1061.5 1057.8 1054.1 1050.8 1048.2 1045.6 1041.8 1037.2 1036.9 1045.3 1056.9 1068.1 1078.9 1087.5 1094.6 1101.1 1107.9 1116.2 1125.2 1133.8 1142.2 1151.2 1159.9 1166.7 1172.6 1179.3 1185.3
1025.6 1020 1014.5 1008.3 1000.5 992.36 984.34 976.84 971.07 965.85 958.21 949.46 942.7 940.09 942.83 946.56 949.8 953.07 956.83 959.98 961.54 961.97 962.79 965.93 971.69 977.68 983.15 988.52 993.78 998.31 1001.9 1004.6 1006.6 1008.7 1012.6 1017.6 1022.3 1027.7 1034.3 1041.9 1050.1 1057.5 1062.3 1063.8 1062.5 1059.5 1055.8 1052 1048.5 1045.8 1043.9 1042.5 1040.4 1036.2 1031.9 1034.3 1044 1055.2 1065.8 1075.9 1083.7 1090.3 1097.4 1105.7 1115.3 1124.7 1133.1 1141.2 1150.2 1159.3 1165.3 1170.6 1177.4 1183.9
1024.7 1018.5 1012.7 1006.9 999.9 992.91 985.64 978.26 972.4 967.03 959.61 950 941.28 937.71 939.85 942.85 945.55 948.8 952.63 955.41 956.87 958.15 960.02 963.23 968.72 974.77 980.15 985.05 989.69 993.64 996.68 998.88 1000.7 1004.1 1009.8 1015.1 1018.9 1022.8 1027.9 1034.4 1041.8 1048.8 1053.5 1054.6 1053 1050.1 1046.2 1042.6 1040.1 1038.3 1037.1 1036.2 1034.1 1029.7 1026.5 1031.9 1042.8 1053.4 1062.6 1071.8 1079.9 1087.3 1095.6 1105.2 1115.3 1124.8 1133.2 1141.3 1150.2 1158.8 1164.3 1169.5 1176 1182.5
1023.7 1016.9 1011.5 1006.4 999.58 992.82 985.86 979.75 973.95 967.23 959.74 950.45 940.51 935.42 936.94 939.34 941.54 944.99 949.38 951.95 952.96 954.76 957.73 961.1 965.52 971.23 976.89 981.54 985.58 988.93 991.11 992.95 995.78 1000.6 1007.1 1012.8 1016.3 1019.3 1023 1028.2 1034.1 1040 1044.4 1045.6 1044.2 1041.6 1038.1 1034.8 1032.6 1031 1029.4 1027.8 1025.5 1022.9 1023.5 1030.5 1040.6 1050.2 1058.7 1068 1078 1086.9 1095.3 1104.3 1113.8 1123.3 1131.9 1140.5 1149.5 1157.2 1162.5 1168 1174.1 1180.3
1026.8 1021.5 1015.7 1010 1003.9 996.39 988.09 982.03 976.52 970.44 963.83 954.35 942.08 933.83 934.08 935.9 937.93 941.29 945.25 947.83 949.76 952.4 955.48 958.65 962 966.65 972.54 977.69 981.22 983.8 985.3 987.07 991.7 998.34 1004.7 1009.9 1013.4 1016 1019.3 1023.3 1028.2 1033.2 1037.2 1038.9 1038 1035.1 1031.6 1028.8 1026.4 1024.3 1022.2 1019.8 1016.5 1015.5 1021.1 1029.6 1038.4 1047.2 1056.6 1067.4 1078 1086 1092.5 1099.4 1108.4 1118.3 1127.1 1136.8 1147.1 1153.7 1159.2 1164.8 1170.3 1176.3
1030.4 1026.2 1020.7 1014.6 1008.4 1000.9 992.88 986.36 980.23 973.86 967.01 957.43 944.38 933.62 931.33 932.37 934.98 938.81 942.44 944.91 947.22 950.11 953.36 956.34 959.14 962.4 967 972.67 977.14 978.48 979.38 983.31 989.83 996.65 1002 1005.9 1009.3 1012.8 1016.2 1019.4 1023.5 1028 1031 1031.7 1030.4 1027.8 1025.2 1022.9 1020.9 1018.8 1016.7 1013.7 1011.1 1012.5 1019.4 1027.8 1036.4 1046.1 1056.3 1066.6 1075.9 1082.4 1087.9 1093.6 1100.3 1109.6 1119.3 1129.2 1140.1 1148.9 1155.3 1161.5 1168.1 1173.6
1033.1 1028.7 1023.5 1017.3 1010.5 1003.1 995.82 989.24 982.51 975.85 968.79 958.99 946.07 934.5 929.24 928.5 930.45 934.53 939.08 941.88 944.04 947.18 950.9 954.03 956.59 959.28 962.64 966.68 970.22 972.11 974.52 980.12 987.6 993.69 998.16 1001.9 1005.3 1009.4 1012.9 1014.3 1018.2 1023.1 1025.5 1025.4 1024 1021.8 1019.7 1017.6 1015.6 1013.2 1009.8 1005.5 1003.9 1009 1017.5 1025.6 1033.8 1043.5 1053.8 1063.2 1071.2 1077.5 1083.5 1090.1 1097.8 1107.4 1117.6 1127.5 1136.9 1144.7 1151.8 1159.3 1167 1172.7
1035 1030 1024.7 1018.5 1011.3 1004 997.19 990.5 983.45 976.53 969.18 959.07 946.47 935.69 929.71 926.83 926.28 928.69 933.06 936.74 939.87 943.76 947.86 951.36 954.11 956.6 959.19 961.85 964.06 966.21 970.59 977.64 984.63 989.48 993.29 997.33 1001.5 1005.6 1008.7 1010.5 1014.5 1018.7 1020.4 1020 1018.6 1016.6 1014.3 1011.8 1009.2 1006.1 1001.5 997.07 997.93 1006.1 1015.4 1023 1030.4 1039.2 1049 1058 1065.4 1072.5 1080.1 1088.5 1097.5 1107.3 1117.5 1127.1 1135.4 1142.7 1150.2 1158.2 1166.4 1171.9
1036.2 1030.5 1024.9 1018.5 1011.4 1004.4 997.61 990.83 983.53 976.25 968.47 958.33 946.95 938.16 932.42 927.58 924.44 923.89 926.18 930.11 934.69 939.94 944.51 948.25 951.35 953.94 956.23 958.32 959.94 962.19 967.56 975.22 981.23 985.04 988.65 993.21 998.04 1001.7 1004 1007.3 1012 1015.4 1016.2 1015.4 1013.4 1010.6 1007.6 1004.4 1000.9 996.88 992.15 989.41 993.53 1004 1013.2 1019.8 1026.1 1033.7 1042.7 1051.5 1059.2 1067.6 1077.6 1087.7 1097.2 1106.7 1116.6 1126 1133.9 1141.5 1149.5 1157.6 1165.2 1169.7
1036.7 1030.2 1024.3 1018 1011 1004.1 997.35 990.6 983.05 975.64 967.92 958.82 949.96 943.02 936.34 929.97 925.52 922.39 921.39 923.87 929 935.57 940.99 944.88 948.15 951.03 953.43 955.39 957.1 959.82 965.13 972.13 977.5 981.13 985.29 990.38 994.87 997.72 999.84 1004 1009.6 1012.9 1013 1010.9 1007.2 1002.7 998.58 994.84 990.84 986.62 982.92 983.05 990.36 1001.9 1010.6 1016.3 1021.7 1028.2 1036.1 1044.9 1054.1 1064.4 1075.9 1086.4 1095.5 1104.1 1113.6 1123.1 1131.3 1139.3 1147.8 1156.1 1162.5 1165.8
1036 1029.3 1023.4 1017.2 1010.4 1003.1 996.19 989.17 982.12 975.8 969.88 963.86 957.32 949.73 941.43 933.85 928.15 923.86 919.92 919.49 923.8 930.32 936.91 941.51 944.71 947.68 950.48 952.52 953.85 956.78 962.41 968.07 973 977.43 982.95 988.3 991.2 993.1 996.39 1001.8 1006.9 1009.3 1008.8 1005.2 999.07 992.4 987.26 983.36 980.18 977.62 975.74 978.62 988.12 998.8 1006.8 1013 1018.7 1024.3 1030.7 1040 1052.5 1064.6 1074.8 1083.8 1092.1 1099.8 1108.4 1118.2 1127.2 1135.5 1144.2 1152.2 1158.4 1161.3
1033.9 1027.7 1021.8 1015.7 1008.9 1002.2 995.73 989.3 984.18 979.13 974.01 969.45 963.94 955.97 946.93 938.71 931.59 926.06 921.3 918.08 919.16 924.57 931.37 937.35 941.22 943.98 946.49 948.45 949.76 952.58 957.97 963.08 968.22 974.37 980.42 984.75 986.94 988.36 992.46 999.65 1003.8 1004.9 1003.9 997.56 987.04 980.07 976.24 973.6 971.45 970.68 972.44 977.84 986.58 995.57 1003.5 1010.8 1017.7 1023.9 1030.4 1039.6 1052.2 1063.3 1071.6 1079.9 1088.1 1095.4 1103 1112.1 1122 1131 1139.3 1147 1154.4 1158.8
1034.3 1028.2 1022.7 1017.1 1010.2 1003.7 997.95 992.99 988.66 983.13 977.14 971.94 966.8 959.69 950.34 941.98 934.75 928.58 922.84 917.51 915.52 918.94 925.45 931.62 936.37 939.86 942.35 943.93 945.77 949.69 954.48 959.17 964.67 971.97 978.05 980.81 982.37 984.68 989.38 996.23 1000.3 1001 996.55 987.38 978.17 971.77 967.88 965.47 964.17 966.29 971.87 978.87 987.27 995.99 1004.3 1011.8 1018.4 1024.6 1031.6 1040.7 1051.9 1062.2 1071.2 1079.6 1087.3 1094.3 1102.9 1112.7 1121.7 1130.3 1137.9 1144.6 1151.5 1156.3
1038.8 1032.5 1027.3 1022 1015.9 1009.6 1002.6 996.93 992.08 985.96 979.12 973.12 968.01 961.41 952.3 944.3 937.26 930.53 924.17 917.92 913.94 915.15 920.39 926.06 930.9 934.8 937.62 938.97 940.84 945.89 951.34 956.41 961.84 968.33 974.14 976.69 977.68 980.89 986.98 992.78 995.29 993.91 987.91 978.91 970.19 963.71 960.27 959.83 961.58 966.08 972.94 980.94 989.55 997.58 1005.4 1012.8 1019.1 1025.4 1033 1042.9 1054 1063.8 1073 1081.8 1089.4 1096.6 1105.3 1114.6 1123.4 1131.8 1138.7 1144.4 1149.5 1153.5
1045.1 1038.3 1032.4 1027.1 1021.6 1015.3 1007.5 1000.1 993.99 987.57 980.29 973.73 968.45 962.1 953.57 945.77 938.66 931.69 925.15 918.77 913.44 912.3 916.04 921.01 925.46 929.03 931.56 933.3 936.32 942.24 948.44 953.93 958.83 963.61 967.98 970.53 972.88 977.92 984.56 989.37 990.26 987.2 980.53 971.41 961.81 955.31 954.06 956.68 961.08 967 974.38 982.66 991.18 998.92 1006.4 1013.4 1019.6 1026.2 1034.5 1044.9 1055.9 1065.2 1074 1083.4 1091.9 1099.6 1107.7 1116.4 1125 1133.1 1139.7 1145.1 1149.3 1152.1
1050.5 1043.1 1036.2 1030.4 1024.6 1018.3 1010.9 1002.2 994.85 988.29 980.91 974.08 968.55 962.29 954.32 946.48 939.11 932.03 925.61 919.55 913.2 909.58 911.77 916.08 920.06 922.97 924.82 927.31 932.14 938.79 945.38 951.06 955.45 958.94 961.61 964.01 968.56 975.54 981.6 985.37 985.28 981.4 973.57 963.08 953.2 948.49 950.66 955.7 961.15 967.68 975.46 983.45 991.45 999.23 1006.7 1013.6 1020.1 1027.1 1035.7 1045.9 1056.2 1065.2 1073.9 1083.7 1093.2 1101.2 1108.9 1117.1 1125.5 1133.4 1140.1 1146 1150.1 1151.8
1053.5 1046.4 1039.1 1032.4 1026 1019.9 1012.6 1003.2 995.22 988.41 981.11 974.27 968.39 962.02 954.3 946.6 939.13 931.73 925.5 920.08 913.1 907.18 907.16 910.67 914.4 916.98 918.66 921.64 927.57 935.04 942.02 947.69 952 955.21 957.39 959.87 965.17 972.53 977.8 980.32 979.73 974.67 964.69 953.04 945.02 944.77 950.25 956.02 961.44 968.18 975.96 983.49 990.9 998.53 1006.2 1013.5 1020.4 1027.8 1036.2 1045.5 1055.1 1064.4 1073.5 1083.5 1092.8 1100.5 1108 1116 1124.5 1132.3 1139.6 1146.6 1151 1152.1
