DEM.txt
ncols         199
nrows         660
xllcorner     507408.564480
yllcorner     4967042.309088
cellsize      8.72918
NODATA_value  -9999
[rows 429 to 461 of 660, columns 74 to 147 of 199]
955.02 951.67 948.36 945.22 942.58 940.29 937.71 934.58 931.22 927.64 924.29 921.21 917.63 912.86 906.43 898.09 888.14 877.67 868.24 860.27 853.15 847.1 842.49 837.93 832.7 827.17 821.64 815.95 810.11 803.93 799.86 799.86 803.07 806.7 810.27 814.44 818.73 822.99 827.52 832.31 836.85 841.66 847.71 854.55 861.42 869.04 875.47 881.64 887.29 892.94 899.39 907.36 915.85 923.38 929.27 933.02 936.44 940.18 944.82 950.25 955.07 958.34 960.49 962.5 965.39 969.6 974.17 978.41 982.76 987.69 992.95 998.72 1004.7 1010.8
953.72 950.49 947.08 943.82 941.16 938.78 936.1 933.01 929.84 926.67 923.48 920.44 916.92 911.89 905.28 896.73 886.63 876.31 867.2 859.67 853.18 847.43 842.32 837.67 832 826.31 820.63 814.77 808.67 802.3 798.02 798.02 801.26 805.15 808.48 812.27 816.53 821 825.96 830.97 835.68 840.86 846.98 853.48 859.88 866.74 872.68 879.1 885.2 891.11 897.35 904.88 913.06 920.49 926.21 930.07 933.32 936.65 941.13 946.66 951.5 954.65 956.68 958.73 961.96 966.48 971.54 976.36 980.78 985.92 991.18 996.72 1002.5 1008.8
952.78 949.59 946.26 943.22 940.61 937.85 934.62 931.28 928.44 925.65 922.56 919 914.15 907.8 900.69 892.5 883.29 874.09 866.96 861.91 856.72 851.12 845.25 838.1 831.28 824.4 817.85 811.88 805.76 799.77 795.87 795.67 798.68 802.36 805.17 808.44 813.73 820.18 826.21 831.78 835.97 840.03 844.88 850.46 856.51 862.8 869.66 877.98 885.27 890.91 896.21 902.58 909.78 916.28 920.99 924.27 927.13 930.95 937.01 943.74 948 949.3 950.72 954.36 959.23 964.24 969.46 974.81 980.02 985.26 990.44 995.23 1000 1006
951.73 948.56 945.43 942.63 939.93 936.95 933.76 930.64 927.69 924.1 920.29 915.38 909.59 903.93 897.31 890.29 882.97 875 868.24 863.19 858.01 852.58 846.83 839.59 832 823.8 816.56 810.55 804.02 797.54 794.23 793.97 795.94 798.27 800.9 805.44 812.27 819.7 825.65 831.11 835.01 838.09 841.68 847.17 854.4 861.62 869.43 877.73 884.14 888.75 893.41 899.53 906.07 910.91 914.22 917.7 922.12 927.27 933.28 938.82 942.09 943.88 946.67 951.68 957.6 962.96 968.14 973.49 978.66 983.81 988.93 993.71 998.53 1004.4
950.39 947.26 944.28 941.54 938.68 935.68 932.81 929.98 926.74 922.52 918.39 912.79 906.48 901.58 896.19 890.51 884.27 876.86 869.52 862.99 857.01 851.78 846.66 840.55 832.91 824.35 816.82 810.5 803.75 796.85 793.11 792.46 793.23 794.13 796.42 802.54 811.09 818.75 824.02 828.83 832.53 835.59 839.44 845.87 854.18 861.76 869.3 876.25 881.24 885.09 889.95 896.2 901.66 904.93 907.51 912.16 918.99 925.07 929.82 933.43 936.13 939.55 943.98 949.38 955.53 961.21 966.59 971.95 976.84 981.81 986.7 991.59 997.37 1003.9
948.82 945.74 942.84 939.98 936.96 934.01 931.27 928.48 925.24 921.5 918.06 912.94 906.25 900.69 896.11 891.22 884.78 877.26 869.52 861.77 855.14 850.21 845.61 840.12 833.02 825.04 817.47 810.71 804.2 797.68 792.95 791.26 791 791.19 792.83 799.24 808.62 816.32 821.43 825.63 829.15 832.99 838.61 846.38 854.48 861.22 867.56 872.86 876.9 880.62 886.47 892.99 896.88 899.2 902.62 908.85 916.82 922.87 926.39 928.82 931.85 936.63 941.67 946.7 952.59 958.4 964.21 969.77 974.53 979.45 984.19 989.49 996.49 1004.1
947.19 944.17 941.35 938.41 935.24 932.26 929.53 926.83 923.96 921.1 918.36 913.67 906.89 900.46 895.13 890.15 883.83 876.22 868.18 859.94 853.27 848.83 844.35 838.87 832.44 824.91 817.38 810.63 804.47 798.83 794.38 791.33 789.92 789.76 790.96 796.21 804.28 811.69 817.68 821.96 825.77 830.62 837.99 846.35 853.23 859.15 864.55 868.43 871.74 875.8 882.87 889.68 892.46 894.77 900.28 907.46 914.03 919.27 922.5 924.98 929.17 934.69 939.57 944.37 949.95 955.55 961.49 967.09 971.83 976.96 982.09 988.54 996.38 1004.6
945.43 942.57 939.88 936.91 933.68 930.69 927.91 925.29 922.81 920.4 917.94 913.7 907.23 900.15 893.54 887.72 881.49 873.81 865.57 858.26 852.57 847.91 842.98 837.08 830.55 823.56 816.46 809.88 804.25 799.61 795.85 792.63 790.11 788.68 789.72 794.07 799.85 806.05 812.21 817.73 823.55 830.4 837.75 844.57 850.46 855.79 860.2 863.32 866.55 872.43 880.06 885.36 888.59 892.84 898.74 904.85 909.35 912.89 916.68 921.14 926.63 933.04 938.7 944.3 949.95 955.32 960.4 965.15 970.03 975.53 981.34 988.9 997.09 1005.2
943.71 940.82 937.93 934.89 931.95 929.22 926.49 923.95 921.55 919.27 916.94 912.75 906.42 899.64 892.6 885.21 878.38 871.42 864.86 859.38 854.02 848.25 841.85 834.51 827.98 821.4 814.5 808.4 803.53 799.47 795.95 792.99 790.48 788.74 788.61 791.38 796.09 801.43 807.53 814.65 822.26 829.98 836.52 841.72 846.78 851.67 855.45 858.76 863.69 870.31 877.02 881.14 884.3 889.43 894.47 898.97 903.8 908.19 913.79 920.69 927.26 933.94 939.66 945.13 950.59 955.86 960.61 965.13 969.96 975.34 981.76 989.67 997.64 1005.5
941.84 938.88 935.85 932.88 930.11 927.51 924.91 922.41 920.12 917.96 915.25 910.64 904.48 898.44 892.01 884.13 876.97 870.94 865.28 860.01 854.59 848.47 841.8 834.16 827.02 820.18 813.38 807.57 802.88 798.59 794.97 792.44 790.32 788.5 787.25 788.7 792.48 797.62 805.33 813.57 821.19 828.16 833.67 838.13 842.62 846.86 850.77 855.31 862.12 869.66 874.17 876 879.35 884.99 890.55 895.83 901.84 907.43 913.62 921.15 928.51 934.84 940.3 945.42 950.54 955.59 960.5 965.29 970.15 975.75 982.76 990.63 998.25 1005.9
939.66 936.64 933.61 930.8 928.13 925.54 923.07 920.7 918.6 916.52 913.23 908.07 902.13 896.82 891.16 883.51 876.31 870.64 865.27 859.8 854.18 848.09 841.69 834.59 827.33 820.25 813.23 807.13 802.25 797.85 794.34 791.84 789.68 787.73 786.02 786.69 790.25 796.07 804.45 812.36 819.01 824.85 829.8 834.42 839.01 842.89 847.07 853.47 860.9 867.68 870.36 870.52 874.21 881.55 889.05 895.76 902.49 908.51 914.67 922.03 929.25 934.94 940.12 945.11 950.22 955.24 960.25 965.33 970.49 976.46 983.74 991.43 998.86 1006.3
937.12 933.94 931.08 928.51 925.92 923.3 920.92 918.8 916.89 914.61 910.71 905.28 899.71 894.95 889.82 882.55 875.57 869.89 864.52 858.92 853.19 847.25 841.17 834.78 827.87 820.56 813.04 806.52 801.59 797.48 794.19 791.43 788.89 786.72 784.9 785.14 789.06 796.03 803.97 810.64 815.97 820.86 826.14 831.63 836.42 840.29 844.95 851.95 858.33 862.3 864.56 866.89 872.21 881.24 890.32 897.57 903.97 909.71 915.7 922.72 929.36 934.41 939.36 944.38 949.64 954.83 959.99 965.34 970.84 977.05 984.4 991.96 999.35 1006.6
934.52 930.97 928.44 926.06 923.36 920.65 918.34 916.42 914.48 911.66 907.37 902.21 897.17 892.73 887.84 881.02 874.43 868.83 863.33 857.63 851.99 846.28 840.45 834.52 827.89 820.17 812.08 805.46 800.89 797.2 794.01 791.02 788.2 785.82 783.88 783.49 787.47 795.33 802.75 808.51 813.05 817.66 823.65 829.85 834.4 838.37 843.46 849.13 853.89 855.72 859.46 866.77 874.64 884.06 892.92 899.53 904.91 910.19 916.1 922.89 929.07 933.59 938.29 943.35 948.76 954.21 959.75 965.46 971.17 977.43 984.64 992.08 999.37 1006.3
932.77 928.66 926.57 923.96 920.45 917.41 915.12 912.88 910.44 907.32 903.31 898.86 894.36 889.87 885.01 879.25 873.09 867.29 861.62 855.96 850.57 845.2 839.76 834.15 827.61 819.58 811.04 804.38 800.18 796.69 793.52 790.44 787.52 785.13 783.22 781.58 784.03 791.8 799.4 805.69 811.06 816.6 822.36 827.6 831.76 835.57 840.16 844.61 849.52 854.41 861.17 869.78 878.48 887.31 894.38 900.24 905.02 909.93 915.89 922.62 928.5 932.56 936.93 941.99 947.59 953.27 959.41 965.68 971.57 977.78 984.53 991.55 998.56 1005.6
934.37 929.75 926.76 923.19 918.67 914.7 910.99 907.34 904.28 901.7 898.5 894.69 890.79 886.78 882.38 877.27 871.19 865.08 859.26 853.92 849.16 844.31 839.06 833.28 826.48 818.31 809.85 803.47 799.44 795.89 792.71 789.71 786.7 784.15 782.2 780.98 781.62 786.03 794.37 803.09 809.93 815.94 821.03 824.98 828.29 831.68 836.36 842.06 849.89 857.64 865.13 873.2 881.39 889.08 894.58 899.71 904.29 908.99 914.75 921.32 927.23 931.35 935.5 940.34 945.72 951.5 958.62 965.81 971.89 977.96 984.15 990.74 997.66 1004.8
935.78 931.21 927.63 923.54 918.77 913.78 908.11 903 898.67 895.46 892.54 889.55 886.63 883.38 879.19 873.97 868.27 862.4 856.7 851.73 847.52 843.22 838.19 832.29 825.22 816.89 808.8 802.82 798.72 795.01 791.76 788.63 785.37 782.47 780.32 779.72 781.36 786.12 793.96 801.82 808.15 813.72 818.59 822.44 825.52 829.22 835.36 843.24 852 859.77 867.03 874.81 882.45 889.04 893.8 898.43 902.8 907.41 912.73 918.82 924.91 929.58 933.94 938.69 943.94 949.57 957.27 965.33 971.62 977.67 983.73 990.05 996.79 1004
936.78 932.49 928.58 924.17 919.16 913.64 906.97 900.45 894.35 889.93 886.69 883.99 881.67 878.88 874.8 869.76 864.43 859.03 853.97 849.52 845.56 841.52 836.81 831.2 823.93 815.63 808.07 802.36 798.1 794.28 790.92 787.63 784.29 781.18 778.87 778.7 781.12 786.12 792.98 799.21 804.94 810.15 815.21 819.67 823.59 829.38 837.28 845.29 853.03 860.26 867.25 874.4 881.36 887.57 892.5 896.67 900.64 905.02 909.92 915.38 921.32 926.96 931.96 937.04 942.49 948.45 956.04 964.08 971 977.33 983.28 989.34 995.93 1003.2
937.23 933.22 929.24 924.63 919.34 913.55 906.52 899.2 892.12 886.27 881.92 878.63 875.9 872.94 869.12 864.67 859.84 855.06 850.78 846.92 843.22 839.42 835.17 830.05 822.78 814.69 807.62 802.02 797.56 793.63 790.17 786.81 783.46 780.02 777.65 777.95 780.53 784.94 790.47 795.61 801.35 806.44 811.8 817.39 823.01 831.01 839.78 846.64 852.72 859.35 866.19 872.52 878.55 884.51 890.04 894.35 898.19 902.34 907.05 912.16 917.78 924.04 929.92 935.74 941.6 947.84 955.14 962.89 970.17 976.75 982.66 988.52 995.11 1002.5
937.17 933.35 929.44 924.74 919.19 913.15 905.97 898.55 891.55 884.83 879.21 874.54 870.42 866.71 862.79 858.74 854.44 850.49 846.95 843.59 840.39 837.09 833.39 828.74 821.89 814.28 807.52 801.85 797.08 792.92 789.37 785.98 782.51 778.5 776.26 777.25 779.55 782.98 787.66 792.86 799.17 804.64 810.37 816.98 824.12 832.91 841.16 846.65 851.36 857.2 863.68 869.39 874.48 879.94 885.84 891.07 895.43 899.87 904.84 910.1 915.68 921.92 928.34 934.92 941.28 947.56 954.5 961.95 969.32 976.11 982.01 987.66 994.42 1002.2
936.75 933.02 929.15 924.41 918.65 912.41 905.29 898.04 891.25 884.88 878.89 872.69 867 862.28 857.11 852.38 848.25 845.17 842.26 839.29 836.87 834.44 831.35 827.07 821.2 814.42 807.89 801.94 796.63 792.11 788.34 784.77 780.95 776.41 774.6 776.35 778.34 781.37 786.47 792.68 799.56 805.88 812.07 819 826.49 834.17 840.85 845.36 849.28 853.97 859.55 864.95 869.65 874.57 880.39 886.78 892.38 898.07 903.83 909.54 915.51 921.26 927.51 934.55 941.36 947.53 953.98 961.18 968.74 975.86 981.63 986.99 993.92 1002.1
936.04 932.32 928.44 923.55 917.57 911.29 904.49 897.56 890.89 884.72 878.78 872.68 866.6 860.5 853.81 847.35 842.33 838.99 835.83 833.39 832.43 831.16 828.72 824.8 820.23 814.57 808.45 802.24 796.26 791.22 787 782.92 778.53 774.22 773.1 775.26 777.65 781.46 787.63 794.48 801.41 807.83 814.33 821.41 828.2 834.01 839.05 843.03 846.47 850.09 854.35 859.43 864.74 870.09 876.17 882.83 889.9 897.53 904.33 910.15 916.04 921.48 927.4 934.68 941.7 947.69 953.81 960.84 968.72 976.32 981.83 986.82 993.65 1001.9
934.94 931.14 927.08 921.9 915.89 909.91 903.52 896.95 890.6 884.62 878.68 872.47 866.06 859.7 853.17 846.28 840.38 835.18 830.23 826.62 825.43 825.27 824.33 821.91 818.48 813.72 808.38 802.37 796 790.41 785.48 780.98 776.51 772.54 771 772.94 776.71 782.14 789.25 795.69 801.79 807.78 814.49 821.71 828.02 832.83 836.49 839.91 842.75 845.39 849.75 855.75 861.71 868.39 876.35 883.7 891.03 898.67 905.21 910.69 916.34 922.24 928.66 935.94 942.42 947.82 953.75 960.86 968.96 976.73 982.11 987.03 993.74 1001.6
933.48 929.56 925.19 919.77 913.93 908.37 902.55 896.29 890.16 884.35 878.48 872.27 865.75 859.18 852.58 845.77 839.77 834.15 827.94 821.83 818.47 817.94 818.01 817.36 815.34 811.75 807.4 801.97 795.79 789.94 784.36 779.67 775.51 771.67 769.2 770.52 775.4 781.99 788.94 794.64 799.28 804.39 811.21 818.75 825.34 830.25 833.48 836.94 839.67 841.81 847.65 855.76 862.34 869.83 878.43 886.13 892.77 899.52 905.55 910.86 916.74 923.33 930.32 937.46 943.28 948.06 954.05 961.68 969.89 977.22 982.39 987.33 993.95 1001
931.53 927.5 922.87 917.5 912.01 906.79 901.39 895.42 889.53 883.85 878.03 871.89 865.29 858.46 851.82 845.35 839.55 834.01 827.21 819.56 813.76 811.06 810.9 811.31 810.88 808.89 805.62 800.97 795.53 789.83 783.81 778.99 775.08 771.38 768.54 769.19 773.96 780.5 786.51 791.42 795.02 799.48 806.09 813.98 821.63 827.38 831.16 835.23 838.77 841.8 848.35 857 864.01 871.59 880 887.62 893.5 899.31 904.94 910.42 916.84 924.04 931.4 938.46 944.04 948.78 955.07 963.14 971.18 977.68 982.47 987.37 993.54 999.77
929.06 924.92 920.2 915.14 910.14 905.15 899.91 894.24 888.62 883.17 877.34 871.07 864.33 857.37 850.93 844.97 839.45 834.02 827.19 819.01 811.36 806.24 804.49 804.19 804.97 804.83 802.7 799.32 795.26 790.03 783.79 778.88 774.97 771.24 768.31 768.4 772.29 777.94 782.97 787.51 791.29 795.95 802.49 810.72 819.23 825.73 830.47 835.13 839.62 843.85 850.07 857.96 865.12 872.26 879.81 886.78 892.25 897.59 903.06 908.92 915.88 923.41 931.02 938.47 944.53 949.92 956.75 964.98 972.59 978.04 982.09 986.57 991.75 997.07
926.18 921.92 917.28 912.66 908.15 903.34 898.1 892.7 887.34 882.17 876.27 869.62 862.71 855.92 849.93 844.55 839.32 834.04 827.46 819.07 810.5 804.05 800.1 797.55 798.38 799.5 798.54 796.94 794.8 790.35 784.17 779.26 775.05 770.89 767.76 767.5 770.45 775.15 779.94 784.73 789.67 795.24 802.07 810.5 818.96 825.47 830.87 835.87 840.94 845.72 851.01 857.62 864.41 870.9 877.36 883.45 888.98 894.32 899.94 906.38 913.63 921.15 928.97 937.16 944.31 950.95 958.51 966.57 973.46 977.95 981.08 984.69 988.68 993.02
923.17 918.79 914.36 910.18 905.93 901.19 896 890.83 885.54 880.37 874.32 867.43 860.56 854.2 848.76 843.79 838.88 833.89 827.6 819.25 810.64 803.77 798.3 793.92 793.08 793.58 793.38 793.66 793.5 790.26 784.73 780.11 775.23 770.2 766.84 766.55 768.89 773.22 778.79 784.23 790.07 796.32 803.44 811.76 819.5 825.23 830.52 835.86 841.38 846.01 850.26 855.39 861.1 867.07 872.97 878.83 884.79 890.24 896.32 903.53 910.8 918.12 926.04 934.75 943.11 951.14 959.45 967.06 972.92 976.87 979.36 981.93 985.11 988.62
920.63 916.09 911.82 907.84 903.46 898.38 893.08 888.06 882.99 877.52 871.23 864.47 857.93 852.12 847.23 842.62 837.91 833.18 827.27 819.49 811.2 804.04 798.47 794.12 791 787.96 786.66 788.07 789.44 788.16 785.05 781.38 775.53 769.08 765.51 765.81 768.24 772.74 778.99 784.72 790.49 796.65 803.62 811.7 819 823.96 828.68 833.96 839.72 844.21 847.64 851.46 856.16 861.86 868.12 875.65 882.61 888.13 894.46 902 909.28 916.71 924.67 933.3 941.99 950.35 958.89 965.94 970.51 974.09 976.7 978.85 981.89 985.29
919.18 914.41 909.86 905.43 900.47 894.93 889.52 884.39 879.2 873.38 867.18 860.99 855.09 849.87 845.29 840.83 836.26 831.63 826.04 819.09 811.57 804.62 799.04 794.44 789.88 784.86 781.95 782.52 784.46 785.39 784.99 782.5 775.94 768.08 764.22 765.27 768.16 772.74 778.71 784.37 790 795.76 802.22 809.88 817.06 821.98 826.04 830.42 835.5 839.91 843.22 847.71 853.78 860.1 867.51 876.99 884.38 890.04 896.57 903.67 910.44 917.63 925.68 935.02 943.23 950.13 957.27 963.08 966.54 969.37 972.13 974.89 978.22 981.67
918.24 913.15 908.11 903.01 897.45 891.55 885.88 880.27 874.51 868.44 862.35 856.83 852 847.5 843.02 838.4 833.96 829.35 824.03 817.86 811.23 804.91 799.37 794.42 789.3 784.03 779.23 777.2 778.87 781.93 783.93 782.72 775.81 766.95 762.95 764.53 767.69 772.12 777.63 783.04 788.19 793.41 799.55 806.76 813.72 819.05 823.09 826.92 831.16 836.13 840.7 846.19 853.5 861.03 869.66 879.27 886.77 892.84 899.4 906.3 913.04 920.34 928.56 937.63 944.98 950.77 955.87 959.65 962.2 964.46 967.12 970.21 973.67 977.4
917.44 911.82 906.16 900.55 894.66 888.57 882.59 876.54 870.23 863.75 857.69 852.8 848.9 844.87 840.12 835.17 830.8 826.34 821.41 815.94 810.19 804.62 799.2 794.12 789.06 784.05 777.83 772.94 773.03 776.93 780.85 781.2 774.74 765.62 760.85 762.29 766.3 771.02 775.9 780.8 785.49 790.32 796.1 802.93 809.82 815.41 819.83 824.35 829.04 835.11 841.07 846.87 854.14 862.05 871.07 880.41 887.96 894.38 900.88 907.51 914.6 923.12 932.04 940.04 946.12 950.93 954.15 955.94 957.61 959.64 962.33 965.37 968.85 973.05
916.12 909.84 903.63 897.86 891.95 885.83 879.68 873.42 866.94 860.17 854.17 849.55 845.71 841.43 836.11 831 826.75 822.6 818.12 813.26 808.35 803.51 798.48 793.68 788.89 784.03 777.12 770.39 768.5 771.56 775.97 777.48 772.46 764 758.41 759.3 764.08 769.15 773.54 778.02 782.55 787.61 793.27 799.65 806.25 811.79 817.09 823.64 830.46 837.55 843.82 849.36 855.75 863.03 871.67 880.67 888.06 894.57 900.89 907.35 915.16 925.17 934.9 941.65 946.23 949.85 951.58 952.01 952.92 954.79 957.44 960.22 963.91 968.65
913.61 906.81 900.35 894.65 888.8 882.76 876.73 870.56 864.35 857.91 852.15 847.19 842.29 836.84 831.01 826.06 821.99 818.07 813.89 809.6 805.5 801.44 797.24 793.03 788.47 783.72 776.66 769.44 766.37 767.51 770.67 772.39 769.12 762.11 756.7 757.08 761.4 766.26 770.6 775.18 780.17 786.24 792.36 798.16 803.99 809.53 816.27 825.25 834.6 841.95 847.34 852.63 858.5 865.17 873.29 881.51 888.24 894.62 900.79 907.36 915.88 926.55 936.66 942.43 945.48 947.59 948.1 947.76 948.13 949.59 951.91 954.59 958.72 963.89
