DEM.txt
ncols         199
nrows         660
xllcorner     507408.564480
yllcorner     4967042.309088
cellsize      8.72918
NODATA_value  -9999
[rows 165 to 197 of 660, columns 74 to 147 of 199]
1422.9 1421.5 1420.2 1419.1 1418 1416.9 1415.6 1414.2 1412.7 1411.1 1409.3 1407.4 1405.3 1402.7 1399.2 1394.8 1390.3 1385.4 1380.4 1375.5 1370.9 1366 1360.2 1354.1 1348.6 1343.6 1338.7 1334.1 1333.1 1336.9 1342 1347.2 1352.4 1356.6 1360.5 1364.3 1367.7 1370.2 1371.9 1373.7 1375.8 1378 1381.3 1385.3 1388.6 1391.9 1396.1 1401.1 1406.3 1411.8 1416.5 1420.2 1423.7 1427.4 1431.7 1435.9 1439.5 1442.1 1443.7 1444.6 -9999 -9999 -9999 -9999 -9999 -9999 -9999 -9999 -9999 -9999 -9999 -9999 -9999 -9999
1419.9 1418.7 1417.5 1416.4 1415.4 1414.4 1413.2 1411.8 1410.4 1409 1407.4 1405.7 1403.7 1401.2 1398 1394.4 1390.2 1385 1379.6 1373.8 1368.2 1363.3 1357.6 1352 1347 1342.2 1337.3 1333.1 1332.5 1336.2 1341.2 1346 1350.8 1355.2 1358.7 1362 1364.8 1366.4 1368 1371.3 1375.5 1379.1 1382.4 1386.1 1389.7 1393.5 1397.9 1402.9 1408.5 1413.9 1418.1 1421.4 1424.7 1428.3 1432.6 1436.8 1440.2 1442.4 1443.7 1444.4 -9999 -9999 -9999 -9999 -9999 -9999 -9999 -9999 -9999 -9999 -9999 -9999 -9999 -9999
1416.9 1415.7 1414.6 1413.5 1412.5 1411.5 1410.4 1409.2 1408.1 1406.9 1405.4 1403.7 1401.7 1399.4 1396.6 1393.5 1389.8 1384.9 1379.6 1373.5 1367.5 1362.3 1356.5 1351 1345.6 1340.6 1335.8 1331.7 1331.6 1335.2 1339.8 1344.1 1348.6 1353 1356.3 1358.8 1361.2 1363.5 1366.2 1370.8 1376.1 1380.2 1383.6 1387.2 1391 1395.1 1399.8 1405 1410.5 1415.4 1419.1 1422.3 1425.6 1429.2 1433.4 1437.5 1440.6 1442.6 1443.7 -9999 -9999 -9999 -9999 -9999 -9999 -9999 -9999 -9999 -9999 -9999 -9999 -9999 -9999 -9999
1413.7 1412.5 1411.4 1410.3 1409.3 1408.4 1407.5 1406.6 1405.6 1404.5 1403.1 1401.4 1399.5 1397.3 1394.8 1392 1388.6 1384.2 1379.2 1373.7 1367.9 1362.6 1356.9 1351.2 1345.1 1339.6 1334.7 1330.6 1330.6 1334 1338.1 1341.8 1345.6 1349.6 1352.9 1355.2 1358.2 1362.4 1366.3 1371.3 1376.9 1381.2 1384.8 1388.6 1392.5 1396.9 1401.6 1406.8 1412.2 1416.6 1420 1423.1 1426.4 1430.1 1434.1 1438 1441 1442.7 1443.7 -9999 -9999 -9999 -9999 -9999 -9999 -9999 -9999 -9999 -9999 -9999 -9999 -9999 -9999 -9999
1410.4 1409.1 1407.9 1406.9 1406 1405.2 1404.5 1403.8 1402.8 1401.7 1400.3 1398.8 1397 1395 1392.8 1390.1 1386.7 1382.7 1378.3 1373.4 1368.2 1363 1357.6 1351.8 1345.4 1339.6 1334.1 1329.8 1329.8 1333 1336.5 1339.5 1342.3 1345.6 1349.4 1352.8 1356.8 1362.1 1366.8 1372 1377.4 1382 1386 1390.1 1394.2 1398.5 1403.3 1408.5 1413.6 1417.6 1420.7 1423.8 1427.1 1430.8 1434.7 1438.4 1441.2 1442.8 1443.6 -9999 -9999 -9999 -9999 -9999 -9999 -9999 -9999 -9999 -9999 -9999 -9999 -9999 -9999 -9999
1406.8 1405.6 1404.4 1403.3 1402.5 1401.8 1401.2 1400.5 1399.5 1398.3 1397 1395.6 1394.1 1392.5 1390.6 1388 1384.6 1380.9 1376.9 1372.4 1367.7 1362.8 1357.7 1352.1 1346 1339.9 1333.9 1329.3 1329.1 1332 1335 1337.6 1339.8 1342.8 1347.7 1352.8 1357 1361.9 1366.7 1372.2 1377.7 1382.6 1387.1 1391.5 1395.7 1400.1 1404.9 1410 1414.8 1418.4 1421.4 1424.4 1427.7 1431.4 1435.2 1438.6 1441.3 1442.8 1443.5 -9999 -9999 -9999 -9999 -9999 -9999 -9999 -9999 -9999 -9999 -9999 -9999 -9999 -9999 -9999
1403.3 1402 1400.8 1399.8 1399 1398.3 1397.6 1396.7 1395.7 1394.5 1393.3 1392.2 1391.1 1389.8 1388 1385.6 1382.7 1379.2 1375.4 1371.2 1366.8 1362.1 1357.2 1351.9 1346 1339.9 1333.6 1328.6 1328.1 1330.7 1333.2 1336.2 1339.3 1343.1 1349 1354.7 1358.5 1362.2 1366.4 1372.2 1377.7 1382.9 1388 1392.5 1396.9 1401.4 1406.2 1411.1 1415.5 1418.9 1421.9 1424.9 1428.1 1431.9 1435.6 1439 1441.5 1442.9 1443.4 -9999 -9999 -9999 -9999 -9999 -9999 -9999 -9999 -9999 -9999 -9999 -9999 -9999 -9999 -9999
1399.1 1397.9 1396.9 1396.1 1395.3 1394.6 1393.8 1392.9 1391.9 1390.9 1390 1389 1388 1386.8 1385.1 1383.1 1380.8 1377.5 1373.5 1369.6 1365.6 1361.2 1356.6 1351.5 1345.7 1339.5 1333.2 1328 1326.8 1328.9 1331.7 1336 1340.2 1344.9 1351 1356.5 1360.4 1364 1368.1 1373.2 1378.2 1383.5 1388.7 1393.4 1398 1402.6 1407.3 1412 1416 1419.3 1422.4 1425.5 1428.6 1432.1 1435.9 1439.2 1441.5 1442.7 1443.3 -9999 -9999 -9999 -9999 -9999 -9999 -9999 -9999 -9999 -9999 -9999 -9999 -9999 -9999 -9999
1394.2 1393.5 1393 1392.4 1391.7 1391 1390.2 1389.4 1388.6 1387.8 1387 1386.1 1385.2 1384 1382.5 1380.6 1378.3 1375.1 1371.4 1367.6 1363.8 1359.7 1355.5 1350.5 1344.9 1338.8 1332.5 1327.2 1325.8 1328.3 1331.8 1336.1 1340.6 1346 1352.1 1357.7 1362.2 1366.4 1370.5 1375.1 1379.9 1384.7 1389.6 1394.3 1398.9 1403.4 1408.1 1412.7 1416.5 1419.6 1422.7 1425.8 1428.9 1432.2 1435.7 1438.8 1441 1442.2 1443 1443.5 -9999 -9999 -9999 -9999 -9999 -9999 -9999 -9999 -9999 -9999 -9999 -9999 -9999 -9999
1390.8 1390.2 1389.5 1388.8 1388.1 1387.4 1386.7 1386.1 1385.4 1384.7 1384.1 1383.4 1382.6 1381.5 1379.9 1377.8 1375.4 1372.5 1369 1365.4 1361.6 1357.6 1353.6 1349 1343.9 1337.9 1331.6 1326.2 1324.9 1328.1 1332.2 1336.3 1340.8 1346.5 1352.6 1358.4 1363.6 1368.3 1372.7 1377.2 1381.6 1386 1390.5 1395.2 1399.7 1404.2 1408.7 1413.1 1416.7 1419.8 1422.9 1426 1429 1432 1435.2 1438 1440.2 1441.8 1442.8 1443.1 -9999 -9999 -9999 -9999 -9999 -9999 -9999 -9999 -9999 -9999 -9999 -9999 -9999 -9999
1389.5 1388.3 1387 1385.5 1384.5 1383.8 1383.2 1382.7 1382.2 1381.8 1381.2 1380.6 1379.7 1378.6 1376.8 1374.6 1372.1 1369.5 1366.4 1363 1359.2 1355.4 1351.5 1347.3 1342.6 1336.8 1330.6 1325.3 1324.1 1327.9 1332.2 1336.4 1340.9 1346.5 1352.7 1358.8 1364.5 1369.6 1374.5 1379 1383.1 1387.1 1391.4 1395.9 1400.4 1404.8 1409.2 1413.4 1416.8 1419.8 1422.8 1425.8 1428.6 1431.5 1434.5 1437.1 1439.3 1441.1 1442.2 1442.8 -9999 -9999 -9999 -9999 -9999 -9999 -9999 -9999 -9999 -9999 -9999 -9999 -9999 -9999
1390.1 1388 1385.5 1382.9 1381 1380.3 1379.8 1379.4 1378.8 1378.2 1377.7 1377 1376 1374.7 1373 1371 1368.7 1366.3 1363.6 1360.4 1356.9 1353.2 1349.4 1345.4 1340.7 1335.1 1329.3 1324.3 1323.3 1327.4 1332 1336.2 1340.6 1346.2 1352.3 1358.7 1364.9 1370.3 1375.6 1380.1 1384 1388 1392.1 1396.5 1400.9 1405.2 1409.5 1413.6 1416.9 1419.7 1422.5 1425.3 1428 1430.8 1433.6 1436.1 1438.3 1440.1 1441.4 1442.3 1443.1 -9999 -9999 -9999 -9999 -9999 -9999 -9999 -9999 -9999 -9999 -9999 -9999 -9999
1391.7 1388.9 1385.6 1381.7 1378.8 1377.6 1376.9 1376 1374.6 1373.3 1372.5 1371.9 1371.1 1370 1368.6 1367.2 1365.1 1362.9 1360.6 1357.8 1354.6 1350.9 1347.2 1343.3 1338.6 1333.1 1327.8 1323.2 1322.4 1326.7 1331.5 1335.7 1340.1 1345.5 1351.6 1358.1 1364.5 1370.3 1375.8 1380.3 1384.4 1388.5 1392.7 1396.9 1401.2 1405.4 1409.7 1413.8 1416.9 1419.5 1422.1 1424.8 1427.4 1429.9 1432.5 1434.9 1437.1 1438.9 1440.5 1441.7 1442.9 -9999 -9999 -9999 -9999 -9999 -9999 -9999 -9999 -9999 -9999 -9999 -9999 -9999
1394 1390.6 1387.1 1383.2 1379.9 1377.4 1375.3 1372.4 1369 1367.1 1366.6 1366.5 1366 1365.2 1364 1362.8 1361.1 1359.4 1357.5 1355 1351.9 1348.4 1344.8 1340.8 1336.1 1331.1 1326.3 1322 1321.6 1326 1330.8 1335 1339.3 1344.6 1350.7 1357.2 1363.8 1369.6 1375 1379.7 1384.4 1388.8 1393 1397.2 1401.3 1405.5 1409.8 1413.8 1416.8 1419.3 1421.8 1424.2 1426.6 1428.9 1431.4 1433.7 1435.8 1437.7 1439.4 1440.9 1442.5 -9999 -9999 -9999 -9999 -9999 -9999 -9999 -9999 -9999 -9999 -9999 -9999 -9999
1396.7 1393 1389.4 1385.8 1382.3 1379.5 1376.9 1373.1 1368.6 1365.5 1364 1362.3 1360.3 1359.2 1358.6 1357.9 1357 1355.7 1353.9 1351.5 1348.5 1345.4 1342.1 1337.9 1333.2 1328.7 1324.4 1320.9 1321.2 1325.2 1329.7 1334.2 1338.6 1343.7 1349.8 1356.6 1363.2 1369 1374.3 1379.1 1384.2 1389.1 1393.3 1397.5 1401.5 1405.6 1409.7 1413.6 1416.6 1418.9 1421.2 1423.5 1425.6 1427.9 1430.1 1432.3 1434.4 1436.4 1438.2 1440 1441.8 -9999 -9999 -9999 -9999 -9999 -9999 -9999 -9999 -9999 -9999 -9999 -9999 -9999
1399.9 1395.9 1392 1388.4 1385.1 1382.1 1379.4 1376 1371 1366.6 1363.9 1360.8 1357.1 1355 1354.1 1353.5 1352.2 1350.5 1348.7 1346.7 1344.3 1341.7 1338.6 1334.9 1330.7 1326.3 1322.1 1319.4 1320.8 1325.1 1329.9 1334.3 1338.7 1344.1 1350.7 1357.4 1363.7 1369.4 1374.7 1379.6 1384.6 1389.4 1393.7 1397.7 1401.6 1405.5 1409.6 1413.4 1416.3 1418.5 1420.5 1422.5 1424.5 1426.6 1428.7 1430.7 1432.8 1434.8 1436.9 1438.9 1440.9 1442.2 -9999 -9999 -9999 -9999 -9999 -9999 -9999 -9999 -9999 -9999 -9999 -9999
1403.1 1399.1 1395 1391.2 1387.7 1384.7 1382.1 1379.2 1374.7 1369.7 1365.5 1361.5 1357.2 1354.1 1352.2 1349.9 1347 1344.8 1343.4 1341.8 1339.7 1337.5 1334.7 1331.6 1328.1 1324.1 1320 1317.8 1320.3 1325.4 1330.4 1334.9 1339.5 1345.4 1352.3 1358.8 1364.5 1370 1375.4 1380.3 1385.2 1389.8 1394 1397.8 1401.7 1405.5 1409.4 1413.1 1416 1418 1419.7 1421.4 1423.3 1425.2 1427.1 1429 1431 1433 1435.2 1437.4 1439.8 1441.4 -9999 -9999 -9999 -9999 -9999 -9999 -9999 -9999 -9999 -9999 -9999 -9999
1406.2 1402.3 1398.3 1394.2 1390.4 1387.3 1384.7 1382 1378.4 1373.7 1368.6 1364 1359.6 1355.9 1352.8 1349.1 1344.6 1341.5 1340 1337.8 1335.1 1332.9 1330.9 1328.3 1325.3 1321.9 1318.1 1316.5 1319.9 1325.6 1330.9 1335.5 1340.3 1346.8 1353.8 1359.8 1365.2 1370.5 1375.9 1380.8 1385.6 1390.1 1394.1 1397.9 1401.7 1405.3 1408.9 1412.4 1415.3 1417.2 1418.7 1420.2 1421.8 1423.6 1425.4 1427.1 1428.9 1430.8 1432.9 1435.5 1438.1 -9999 -9999 -9999 -9999 -9999 -9999 -9999 -9999 -9999 -9999 -9999 -9999 -9999
1409 1405.4 1401.6 1397.5 1393.3 1389.7 1386.9 1384.3 1381.5 1377.8 1372.7 1367.4 1362.8 1358.8 1355.2 1351.3 1346.3 1342 1339.4 1335.9 1331.8 1329.4 1327.7 1325.3 1322.5 1319.5 1316.4 1315.6 1319.7 1325.8 1331.3 1336 1340.8 1347.6 1354.7 1360.4 1365.6 1370.8 1375.9 1380.7 1385.5 1389.9 1393.9 1397.7 1401.5 1404.9 1408.1 1411.3 1414 1415.9 1417.3 1418.6 1420 1421.7 1423.4 1425 1426.6 1428.3 1430.4 1433.1 1435.9 -9999 -9999 -9999 -9999 -9999 -9999 -9999 -9999 -9999 -9999 -9999 -9999 -9999
1411.4 1408 1404.9 1401.2 1396.7 1392.3 1389 1386.4 1383.9 1381.2 1377.1 1371.4 1366 1362 1358.3 1354.6 1349.6 1344.5 1340.7 1336.6 1332 1328.8 1326.3 1323 1319.7 1316.9 1314.9 1315.1 1319.5 1325.8 1331.5 1336.3 1341.3 1348.2 1355 1360.7 1365.8 1370.7 1375.4 1380.1 1384.9 1389.5 1393.5 1397.2 1400.8 1404.1 1407 1409.6 1411.9 1413.9 1415.5 1416.8 1418 1419.4 1420.9 1422.4 1424.1 1425.9 1427.9 1430.7 1433.4 -9999 -9999 -9999 -9999 -9999 -9999 -9999 -9999 -9999 -9999 -9999 -9999 -9999
1413.2 1410.2 1407.3 1404.4 1400.6 1395.6 1391.1 1388.2 1385.7 1383.1 1380.1 1375.6 1370 1365.3 1361.4 1357.6 1353.3 1348.2 1343.7 1339.1 1334.1 1330.1 1327 1322.7 1318.4 1314.8 1313.2 1314.7 1319.3 1325.5 1331.3 1336.2 1341.1 1348.1 1355 1360.5 1365.5 1370.3 1374.8 1379.3 1384 1388.7 1392.6 1396 1399.8 1403.1 1405.5 1407.6 1409.6 1411.4 1413 1414.6 1415.8 1416.7 1417.8 1419.3 1421.5 1423.9 1426.2 1429 1431.3 -9999 -9999 -9999 -9999 -9999 -9999 -9999 -9999 -9999 -9999 -9999 -9999 -9999
1414.6 1411.8 1409 1406.4 1403.5 1399.3 1394.1 1390 1387.2 1384.6 1381.7 1377.9 1373 1368.2 1364.1 1360.2 1356 1351.4 1346.7 1342.1 1337.2 1332.5 1328.4 1323.5 1318.7 1314.1 1312.1 1314.1 1319 1325.1 1331 1336 1340.8 1347.4 1354.2 1359.8 1364.9 1369.6 1374.2 1378.5 1383 1387.3 1391 1394.3 1397.6 1400.7 1403.5 1405.5 1407 1408.5 1409.9 1411.2 1412.5 1413.5 1414.6 1416.1 1418.7 1421.9 1425 1427.8 1430 -9999 -9999 -9999 -9999 -9999 -9999 -9999 -9999 -9999 -9999 -9999 -9999 -9999
1415.6 1413 1410.2 1407.8 1405.5 1402.2 1397.2 1392 1388.5 1385.7 1382.7 1379.2 1374.9 1370.5 1366.5 1362.5 1358.2 1353.7 1349.2 1344.8 1340.1 1334.8 1329.7 1324.5 1319.2 1313.6 1311.1 1313.3 1318.3 1324.4 1330.4 1335.6 1340.6 1346.8 1353.2 1358.8 1364 1368.8 1373.4 1377.8 1381.9 1385.6 1389.1 1392 1394.7 1397.4 1400.2 1402.5 1404.1 1405.2 1406.1 1407.1 1408.4 1410 1411.9 1414.1 1417 1420.5 1423.8 1426.6 1428.8 -9999 -9999 -9999 -9999 -9999 -9999 -9999 -9999 -9999 -9999 -9999 -9999 -9999
1416.1 1413.7 1411.2 1408.8 1406.7 1404.2 1400.2 1394.6 1390.1 1386.8 1383.4 1379.9 1376.1 1372 1368.3 1364.3 1359.8 1355.3 1351 1346.9 1342.3 1336.8 1330.8 1325.2 1319.5 1313.1 1310.1 1312.2 1317.3 1323.4 1329.7 1335.1 1340.3 1346.2 1352 1357.5 1362.9 1367.8 1372.4 1376.8 1380.6 1383.8 1386.8 1389.4 1391.4 1393.3 1395.5 1397.8 1399.7 1401.1 1402.1 1403.1 1404.6 1407 1409.9 1412.9 1416.1 1419.4 1422.5 1425.3 -9999 -9999 -9999 -9999 -9999 -9999 -9999 -9999 -9999 -9999 -9999 -9999 -9999 -9999
1416.3 1414 1411.6 1409.3 1407.2 1405.3 1402.5 1396.9 1391.6 1387.5 1383.8 1380.1 1376.5 1372.8 1369.1 1365.2 1360.7 1356.3 1352.2 1348 1343.6 1338.1 1331.5 1325.6 1319.5 1312.7 1308.9 1310.8 1316.1 1322.3 1328.7 1334.4 1340 1345.4 1350.7 1356 1361.4 1366.6 1371.2 1375.4 1379 1381.9 1384.4 1386.6 1388.2 1389.3 1390.7 1392.4 1394.4 1396.5 1398.2 1399.7 1401.7 1404.7 1408.3 1412.1 1415.6 1418.7 1421.4 -9999 -9999 -9999 -9999 -9999 -9999 -9999 -9999 -9999 -9999 -9999 -9999 -9999 -9999 -9999
1416.1 1413.9 1411.4 1409.1 1407.3 1405.6 1403.1 1397.9 1392.3 1387.7 1383.6 1379.8 1376.4 1372.8 1369.1 1365.2 1361 1356.7 1352.6 1348.5 1344.2 1338.8 1332 1325.7 1319.3 1312.1 1307.4 1308.9 1314.7 1321 1327.5 1333.5 1339.3 1344.5 1349.4 1354.4 1359.9 1365.3 1369.8 1373.7 1377.3 1380.1 1382.2 1383.9 1385.1 1385.9 1386.8 1388 1389.8 1392.2 1394.7 1397 1399.6 1402.7 1406.5 1411 1415.2 1418.4 1420.2 -9999 -9999 -9999 -9999 -9999 -9999 -9999 -9999 -9999 -9999 -9999 -9999 -9999 -9999 -9999
1415.2 1413.1 1410.7 1408.5 1406.8 1405.2 1402.8 1397.3 1391.5 1386.9 1383.1 1379.4 1375.9 1372.4 1368.7 1364.9 1360.8 1356.7 1352.6 1348.6 1344.4 1339.1 1332.2 1325.4 1318.7 1311.1 1305.7 1306.7 1313.1 1319.9 1326.3 1332.3 1338.1 1343.3 1348 1352.7 1357.9 1363.5 1368.1 1371.8 1375.2 1378.1 1380 1381.3 1382.1 1382.6 1383.6 1385 1387.1 1389.5 1392.1 1394.5 1397.3 1400.7 1404.3 1409.4 1414.7 1418.4 -9999 -9999 -9999 -9999 -9999 -9999 -9999 -9999 -9999 -9999 -9999 -9999 -9999 -9999 -9999 -9999
1413.5 1411.5 1409.4 1407.2 1405.6 1403.7 1400.3 1394.9 1389.9 1385.8 1382.2 1378.8 1375.2 1371.5 1367.9 1364.3 1360.5 1356.5 1352.5 1348.2 1343.6 1338.1 1331.3 1324.4 1317.4 1310.1 1305.2 1305.9 1311.7 1318.7 1325.2 1331.2 1337.1 1342.3 1346.8 1351 1355.8 1361.5 1366.3 1369.7 1372.6 1375.2 1377.1 1378.2 1378.7 1379.2 1380.2 1382.1 1384.6 1387.1 1389.4 1391.6 1394.5 1398.2 1401.5 1406.4 1413.4 1418.1 -9999 -9999 -9999 -9999 -9999 -9999 -9999 -9999 -9999 -9999 -9999 -9999 -9999 -9999 -9999 -9999
1411.5 1409.5 1407.5 1405.6 1403.8 1401.3 1397 1391.9 1387.8 1384.3 1380.8 1377.4 1374 1370.5 1367.1 1363.5 1359.8 1356 1351.9 1347.5 1342.7 1337.1 1330.5 1323.4 1316.3 1309.1 1304.6 1305.1 1310.5 1317.7 1324.1 1330 1335.8 1341 1345.4 1349.5 1354 1359.1 1363.8 1367.2 1369.8 1372 1373.7 1374.7 1375.3 1376.1 1377.6 1379.5 1381.8 1384.8 1387.4 1389.5 1392.4 1397 1401.4 1406.9 1413.5 1417.2 -9999 -9999 -9999 -9999 -9999 -9999 -9999 -9999 -9999 -9999 -9999 -9999 -9999 -9999 -9999 -9999
1409.1 1407.1 1405.2 1403.2 1401 1397.9 1393.6 1389.2 1385.6 1382.5 1379.2 1375.9 1372.6 1369.1 1365.7 1362.3 1358.8 1355.1 1350.9 1346.3 1341.4 1335.9 1329.6 1322.4 1315.2 1308.4 1304.2 1304.5 1309.4 1316.2 1322.5 1328.5 1334 1339.4 1344 1348 1352.2 1356.6 1360.8 1364.2 1366.9 1368.9 1370.3 1371.3 1372.2 1373.6 1375.7 1377.6 1379.4 1383.3 1387.4 1390.2 1393.5 1397.9 1402.6 1408.4 1414 -9999 -9999 -9999 -9999 -9999 -9999 -9999 -9999 -9999 -9999 -9999 -9999 -9999 -9999 -9999 -9999 -9999
1406.6 1404.5 1402.6 1400.3 1397.6 1394.2 1390.3 1386.7 1383.4 1380.5 1377.4 1374.1 1370.9 1367.5 1364.1 1360.8 1357.4 1353.7 1349.5 1344.8 1339.9 1334.4 1328.3 1321.1 1314.1 1307.7 1303.7 1304 1308.4 1314.6 1320.7 1326.4 1331.8 1337.2 1342.1 1346.2 1350.1 1354 1357.6 1360.7 1363.4 1365.6 1367.2 1368.2 1369.5 1371.8 1374.8 1376.9 1379.2 1383.8 1388.7 1392.4 1396.2 1400.3 1404.5 1409.3 -9999 -9999 -9999 -9999 -9999 -9999 -9999 -9999 -9999 -9999 -9999 -9999 -9999 -9999 -9999 -9999 -9999 -9999
1404 1401.8 1399.7 1397.2 1394.2 1391 1387.5 1384.2 1381.1 1378.2 1375.3 1372.2 1369.1 1365.8 1362.4 1359 1355.7 1351.9 1347.6 1343 1338.1 1332.7 1326.5 1319.7 1313 1306.6 1303.1 1303.5 1307.5 1313.1 1318.8 1324.1 1329.2 1334.3 1339.5 1343.9 1347.6 1351.1 1354.3 1357 1359.6 1362.6 1364.8 1366 1367.8 1371.1 1374.8 1377.5 1381.1 1386.2 1390.9 1394.8 1398.9 1403 1406 -9999 -9999 -9999 -9999 -9999 -9999 -9999 -9999 -9999 -9999 -9999 -9999 -9999 -9999 -9999 -9999 -9999 -9999 -9999
1401.5 1399.2 1396.8 1394.1 1391.2 1388.1 1384.8 1381.7 1378.6 1375.7 1372.9 1370.1 1367.2 1364 1360.6 1357.2 1353.7 1349.8 1345.5 1341 1336.3 1331 1325.1 1318.5 1311.7 1305.2 1302.1 1303.2 1306.7 1311.7 1317 1321.8 1326.2 1330.7 1335.9 1340.8 1344.6 1347.9 1351.4 1353.8 1356.5 1360.7 1364.2 1365.8 1368.1 1371.8 1375.6 1378.9 1383.7 1389.2 1393.6 1397.3 1401.3 1404.8 1406.4 -9999 -9999 -9999 -9999 -9999 -9999 -9999 -9999 -9999 -9999 -9999 -9999 -9999 -9999 -9999 -9999 -9999 -9999 -9999
